0 1 2 
0 1 2 6 
0 1 2 6 5 3 4 
0 1 2 6 5 3 4 7 
0 1 2 6 5 3 4 7 8 
0 1 2 6 5 3 4 8 
0 1 2 6 5 4 
0 1 2 6 5 4 7 
0 1 2 6 5 4 7 8 
0 1 2 6 5 4 8 
0 1 2 7 
0 1 2 7 3 4 
0 1 2 7 3 4 8 
0 1 2 7 3 4 8 6 
0 1 2 7 3 5 4 
0 1 2 7 3 5 4 8 
0 1 2 7 3 6 
0 1 2 7 6 
0 1 2 7 8 
0 1 2 7 8 3 6 
0 1 2 7 8 6 
0 1 4 
0 1 4 2 
0 1 4 2 6 
0 1 4 2 7 
0 1 4 2 7 3 6 
0 1 4 2 7 6 
0 1 4 2 7 8 
0 1 4 2 7 8 6 
0 1 4 3 5 2 
0 1 4 3 6 
0 1 4 3 6 2 
0 1 4 5 2 
0 1 4 5 2 7 
0 1 4 5 2 7 8 
0 1 4 5 3 6 
0 1 4 7 
0 1 4 7 3 6 
0 1 4 7 6 
0 1 4 7 8 
0 1 4 7 8 3 6 
0 1 4 7 8 6 
0 1 4 8 
0 1 4 8 2 
0 1 4 8 2 6 
0 1 4 8 3 5 2 
0 1 4 8 3 6 
0 1 4 8 3 6 2 
0 1 4 8 6 
0 1 4 8 7 5 3 6 
0 1 5 2 
0 1 5 2 6 
0 1 5 2 7 
0 1 5 2 7 3 6 
0 1 5 2 7 6 
0 1 5 2 7 8 
0 1 5 2 7 8 3 6 
0 1 5 2 7 8 6 
0 1 5 3 4 
0 1 5 3 4 7 
0 1 5 3 4 7 6 
0 1 5 3 4 7 8 
0 1 5 3 4 8 
0 1 5 3 4 8 6 
0 1 5 3 6 
0 1 5 3 6 2 
0 1 5 4 
0 1 5 4 2 8 
0 1 5 4 7 
0 1 5 4 7 6 
0 1 5 4 7 8 
0 1 5 4 7 8 6 
0 1 5 4 8 
0 1 5 4 8 6 
0 1 7 
0 1 7 3 4 
0 1 7 3 4 8 
0 1 7 3 5 2 
0 1 7 3 6 
0 1 7 6 
0 1 7 8 
0 1 7 8 3 5 2 
0 1 7 8 3 6 
0 1 7 8 6 
0 2 
0 2 6 
0 2 6 5 3 4 
0 2 6 5 3 4 7 
0 2 6 5 3 4 7 8 
0 2 6 5 3 4 8 
0 2 6 5 4 
0 2 6 5 4 7 
0 2 6 5 4 7 8 
0 2 6 5 4 8 
0 2 7 
0 2 7 3 4 
0 2 7 3 4 8 
0 2 7 3 4 8 6 
0 2 7 3 5 4 
0 2 7 3 5 4 8 
0 2 7 3 6 
0 2 7 6 
0 2 7 8 
0 2 7 8 3 6 
0 2 7 8 6 
0 3 1 2 
0 3 1 2 6 
0 3 1 2 7 
0 3 1 2 7 8 
0 3 1 4 
0 3 1 4 2 
0 3 1 4 8 
0 3 1 4 8 2 
0 3 1 5 2 
0 3 1 5 2 6 8 
0 3 1 7 
0 3 1 7 8 
0 3 4 
0 3 4 2 
0 3 4 2 6 
0 3 4 2 7 6 
0 3 4 5 2 
0 3 4 7 
0 3 4 7 6 
0 3 4 7 8 
0 3 4 7 8 6 
0 3 4 8 
0 3 4 8 2 
0 3 4 8 2 6 
0 3 4 8 6 
0 3 5 2 
0 3 5 2 6 
0 3 5 2 7 
0 3 5 2 7 6 
0 3 5 2 7 8 
0 3 5 2 7 8 6 
0 3 5 4 
0 3 5 4 2 8 
0 3 5 4 7 
0 3 5 4 7 6 
0 3 5 4 7 8 
0 3 5 4 7 8 6 
0 3 5 4 8 
0 3 5 4 8 6 
0 3 6 
0 3 6 1 2 8 
0 3 6 2 
0 3 6 5 2 8 
0 3 6 5 4 
0 4 
0 4 2 
0 4 2 6 
0 4 2 7 
0 4 2 7 6 
0 4 2 7 8 
0 4 2 7 8 6 
0 4 3 6 
0 4 5 2 
0 4 5 2 7 
0 4 5 2 7 8 
0 4 7 
0 4 7 6 
0 4 7 8 
0 4 7 8 6 
0 4 8 
0 4 8 2 
0 4 8 2 6 
0 4 8 6 
0 5 2 
0 5 2 6 
0 5 2 7 
0 5 2 7 6 
0 5 2 7 8 
0 5 2 7 8 6 
0 5 3 1 2 8 
0 5 3 1 7 
0 5 3 1 7 6 
0 5 3 1 7 8 
0 5 3 1 7 8 6 
0 5 3 6 
0 5 4 
0 5 4 2 8 
0 5 4 7 
0 5 4 7 6 
0 5 4 7 8 
0 5 4 7 8 6 
0 5 4 8 
0 5 4 8 6 
0 8 
0 8 1 2 
0 8 1 2 6 
0 8 1 5 2 
0 8 1 5 2 6 
0 8 1 5 3 6 
0 8 2 
0 8 2 6 
0 8 3 1 2 
0 8 3 5 2 
0 8 3 6 
0 8 3 6 2 
0 8 6 
0 8 6 5 2 
0 8 7 
0 8 7 3 6 
0 8 7 6 
1 2 6 
1 2 6 5 3 
1 2 6 5 3 4 
1 2 6 5 3 4 7 8 
1 2 6 5 3 4 8 
1 2 6 5 4 
1 2 6 5 4 7 3 
1 2 6 5 4 7 8 
1 2 6 5 4 8 
1 2 7 3 
1 2 7 3 4 
1 2 7 3 4 8 
1 2 7 3 4 8 6 
1 2 7 3 5 4 
1 2 7 3 5 4 8 
1 2 7 3 6 
1 2 7 6 
1 2 7 6 5 3 
1 2 7 6 5 4 
1 2 7 8 
1 2 7 8 3 
1 2 7 8 3 6 
1 2 7 8 6 
1 2 7 8 6 5 3 
1 4 
1 4 2 6 
1 4 2 7 3 6 
1 4 2 7 6 
1 4 2 7 8 
1 4 2 7 8 6 
1 4 3 
1 4 3 6 
1 4 5 2 7 8 
1 4 5 3 
1 4 5 3 6 
1 4 7 3 
1 4 7 3 6 
1 4 7 6 
1 4 7 6 5 3 
1 4 7 8 
1 4 7 8 3 
1 4 7 8 3 6 
1 4 7 8 6 
1 4 7 8 6 5 3 
1 4 8 
1 4 8 2 6 
1 4 8 3 
1 4 8 3 6 
1 4 8 6 
1 4 8 6 5 3 
1 5 2 6 
1 5 2 7 3 
1 5 2 7 6 
1 5 2 7 8 
1 5 2 7 8 3 
1 5 2 7 8 6 
1 5 3 
1 5 3 4 7 8 
1 5 3 4 8 
1 5 3 6 
1 5 4 
1 5 4 7 3 
1 5 4 7 6 
1 5 4 7 8 
1 5 4 7 8 6 
1 5 4 8 
1 5 4 8 6 
1 7 3 
1 7 3 6 
1 7 6 
1 7 6 5 3 
1 7 8 
1 7 8 3 
1 7 8 3 6 
1 7 8 6 
1 7 8 6 5 3 
2 6 
2 6 5 
2 6 5 3 4 
2 6 5 3 4 7 
2 6 5 3 4 7 8 
2 6 5 3 4 8 
2 6 5 4 
2 6 5 4 7 
2 6 5 4 7 8 
2 6 5 4 8 
2 7 
2 7 3 4 
2 7 3 4 5 
2 7 3 4 8 
2 7 3 4 8 6 
2 7 3 5 
2 7 3 5 4 8 
2 7 3 6 
2 7 3 6 5 
2 7 6 
2 7 6 5 
2 7 8 
2 7 8 3 5 
2 7 8 3 6 
2 7 8 3 6 5 
2 7 8 6 
2 7 8 6 5 
3 1 7 5 
3 1 7 8 5 
3 4 
3 4 5 
3 4 7 
3 4 7 6 5 
3 4 7 8 
3 4 7 8 6 5 
3 4 8 
3 4 8 6 5 
3 4 8 7 5 
3 5 
3 5 4 7 
3 5 4 8 
3 6 0 8 5 
3 6 0 8 7 5 
3 6 2 7 4 
3 6 5 
3 6 5 4 
4 2 6 1 3 
4 2 6 1 8 3 
4 5 
4 7 6 5 
4 7 8 6 5 
4 8 6 5 
5 2 6 3 
7 8 
